46
35
75
41
88
51
13
27
12
20
37
8
20
8
5
28
9
7
12
9
10
22
14
20
6
23
19
10
10
11
25
11
7
19
3
7
11
11
2
10
18
9
11
8
5
23
4
3
16
5
6
12
19
18
7
2
5
8
11
14
8
10
7
2
2
8
15
10
7
4
7
4
10
4
6
9
3
5
4
14
9
6
7
6
3
3
7
5
3
16
3
9
14
8
7
6
2
9
5
5
10
5
4
2
2
3
3
10
2
3
3
8
2
6
5
5
5
6
4
9
3
2
8
2
3
4
7
6
5
2
8
15
11
12
9
2
3
11
6
4
2
23
6
9
3
2
3
6
7
9
2
10
5
6
4
6
6
2
4
3
3
2
4
5
2
6
3
7
11
6
7
3
4
3
3
5
3
4
10
4
5
5
5
4
4
6
4
4
3
4
3
6
2
4
4
6
2
3
4
2
9
4
4
5
4
5
8
3
3
6
7
12
4
3
2
3
3
2
2
2
4
3
2
5
8
6
2
7
4
5
2
3
6
2
3
3
5
2
7
4
2
3
3
8
8
10
3
4
4
3
2
8
4
2
4
5
5
4
2
6
2
2
3
2
2
4
4
6
6
3
6
6
2
2
2
2
3
4
2
4
4
4
2
3
2
2
2
3
3
2
3
3
2
4
4
3
3
2
5
3
6
4
6
4
6
2
6
3
6
2
3
3
4
2
5
5
4
3
2
3
3
5
2
2
2
2
3
2
4
6
2
2
2
3
2
4
5
3
3
2
4
3
3
3
3
2
5
2
3
9
2
3
3
8
10
5
5
5
3
3
2
3
5
4
3
3
2
4
3
3
3
3
3
2
2
7
2
2
3
2
3
2
2
4
3
2
4
3
3
3
2
3
6
2
2
3
3
2
5
2
2
2
6
4
2
3
3
4
5
4
3
5
4
2
3
2
2
3
2
6
4
2
6
2
2
5
2
4
2
6
4
2
4
3
3
2
2
2
3
5
5
3
3
2
2
4
3
3
2
3
2
4
2
2
2
2
2
4
4
3
2
4
2
2
2
2
2
3
5
3
2
2
3
6
2
3
2
6
5
2
2
2
7
5
2
2
4
2
3
2
3
2
4
3
2
4
2
3
3
2
2
4
2
2
2
4
3
2
2
2
2
2
2
5
2
2
3
2
2
2
3
4
4
2
3
4
2
3
4
4
3
3
2
2
4
3
2
2
4
2
2
3
3
2
4
5
3
2
2
3
2
2
2
2
2
2
5
4
2
2
2
3
2
2
2
2
5
2
2
3
2
2
2
3
2
2
4
2
2
2
2
3
2
2
7
3
2
2
2
4
3
4
4
2
2
2
2
3
2
3
2
4
2
2
3
2
3
2
3
5
3
2
2
2
3
2
2
2
2
3
2
2
4
2
2
3
4
3
2
2
3
2
4
2
2
2
3
3
3
2
2
2
2
3
3
3
2
2
2
2
2
2
3
2
4
2
2
3
4
2
4
3
2
4
2
3
3
2
2
3
2
2
2
2
2
2
2
2
3
5
3
2
2
2
2
3
2
3
3
2
4
2
3
2
2
3
2
2
3
2
3
2
2
2
3
2
3
2
2
2
2
2
2
2
2
4
3
2
2
2
2
2
2
2
2
2
2
3
2
2
2
2
4
3
2
2
2
2
2
2
2
3
2
2
3
2
2
2
3
2
3
2
5
2
2
2
2
2
2
2
2
2
2
2
2
2
2
2
3
2
2
2
2
4
2
3
2
2
2
2
2
2
3
2
2
2
2
2
3
2
2
3
2
2
2
2
2
2
2
2
2
2
2
2
2
2
3
2
2
2
2
2
2
3
2
2
2
2
2
3
2
2
2
4
2
3
3
2
2
4
2
2
2
2
2
3
2
2
2
2
2
2
2
3
2
2
2
2
2
2
2
2
2
2
2
2
2
2
2
2
2
2
2
2
2
2
2
2
4
2
2
2
2
2
2
2
2
2
2
2
2
2
2
2
2
2
2
2
2
2
2
2
2
2
2
2
2
2
2
2
2
2
2
2
2
3
2
2
2
2
2
3
2
2
2
2
2
2
2
2
2
2
2
2
2
2
2
2
2
2
2
2
2
2
3
2
2
2
2
3
2
2
2
2
2
2
2
2
2
2
2
2
2
2
2
2
2
2
3
2
2
2
2
2
2
2
2
2
2
2
2
2
2
2
2
2
3
2
2
2
2
2
2
2
2
2
2
2
2
2
2
2
2
2
2
2
2
2
2
2