64
79
70
13
50
95
143
70
81
78
73
76
58
27
40
57
60
41
35
69
46
13
34
27
29
38
30
28
19
18
52
19
14
51
44
23
18
36
46
31
30
25
23
13
21
30
27
27
27
21
14
28
26
30
14
13
37
32
18
21
19
24
22
16
10
31
19
12
37
23
13
8
13
18
14
8
16
14
11
33
15
17
10
14
12
10
23
12
17
25
11
31
11
11
18
16
13
11
14
15
9
11
14
15
21
26
12
10
7
11
15
19
9
22
20
15
18
12
21
10
19
11
22
16
14
9
18
17
8
18
20
18
6
11
13
23
10
11
12
19
16
8
14
13
14
15
19
16
9
9
12
12
11
20
11
16
11
13
14
8
19
13
8
16
21
6
17
27
11
9
14
10
11
12
12
11
14
26
10
19
15
16
5
14
10
14
9
15
13
14
9
7
20
13
10
7
14
12
10
7
18
14
15
17
16
8
8
11
9
10
10
13
12
10
13
12
9
15
11
8
9
11
15
10
7
12
7
10
11
9
8
10
9
11
9
9
16
11
10
10
16
11
10
9
13
10
7
12
11
8
12
10
11
7
5
5
10
6
7
11
8
11
7
10
8
7
10
8
10
10
8
8
7
22
13
8
5
12
6
7
13
10
5
12
7
10
6
8
10
10
10
12
9
8
9
5
9
7
15
8
8
12
6
6
12
8
5
11
10
7
11
12
5
10
6
9
6
15
5
7
10
8
6
7
6
9
8
13
10
6
5
11
6
9
6
10
7
7
11
12
14
8
6
8
9
8
9
7
8
8
9
6
7
6
7
8
11
7
7
12
12
7
7
10
10
7
10
5
5
9
9
12
7
7
9
7
9
9
17
7
9
9
6
8
8
8
8
14
5
8
5
8
6
8
10
9
10
6
6
7
8
7
7
5
9
8
7
6
9
11
5
8
9
7
8
12
9
9
8
7
10
8
7
6
8
6
6
6
8
6
9
8
9
7
7
7
9
6
6
10
6
5
10
8
6
8
8
9
8
10
5
9
7
6
9
7
8
7
9
11
7
8
7
6
6
8
6
7
6
7
9
7
10
8
9
7
6
8
6
5
7
7
5
9
7
7
5
11
8
6
7
6
7
6
7
6
7
9
14
8
6
7
9
7
7
6
5
6
5
6
5
9
12
8
6
8
8
8
10
8
5
11
6
7
8
11
6
6
10
6
12
8
5
7
7
7
6
7
12
6
6
9
7
7
8
5
9
6
5
5
7
5
6
6
9
6
7
5
5
6
7
6
7
6
6
10
7
7
5
9
5
7
8
6
5
8
5
8
8
8
6
8
6
7
5
6
7
7
8
7
7
8
6
7
6
5
6
7
6
8
6
6
6
7
5
6
6
7
7
5
7
5
5
6
6
6
5
5
7
5
5
5
9
8
6
8
7
7
5
6
8
8
6
5
5
7
5
6
8
7
6
5
7
8
7
5
8
5
6
6
6
5
8
6
6
10
7
9
6
6
7
5
7
6
6
5
5
8
5
6
7
7
5
5
7
8
5
7
6
6
7
5
5
5
6
6
6
5
7
9
6
8
6
5
7
5
6
6
5
5
5
6
5
7
5
6
7
7
5
5
6
7
5
8
7
5
5
7
7
5
5
6
5
5
7
5
7
5
5
6
6
6
5
5
6
6
5
8
5
6
7
5
5
6
6
5
5
6
7
5
6
9
5
6
5
5
5
6
6
5
5
7
5
5
6
5
5
6
7
5
6
6
6
5
5
6
5
6
5
6
5
5
6
6
6
7
5
6
8
5
5
6
6
5
5
8
7
5
7
5
5
5
5
6
5
6
7
6
6
5
5
7
6
8
7
5
6
6
7
5
5
6
5
6
5
5
5
5
6
5
8
5
5
5
5
5
5
6
6
5
5
5
5
5
5
6
5
6
6
6
5
5
5
5
7
5
5
5
5
5
5
5
5
6
7
8
7
5
5
6
5
5
5
5
6
5
5
5
5
5
5
6
5
5
6
5
5
6
5
5
5
5
5
5
6
5
5
5
6
6
5
5
6
5
5
5
5
5
5
6
5
5
5
5
5
5
5
5
5
6
5
5
5
5
5
5
5
5
5
6
6
6
5
5
5
5
5
5
5
5
5
5
5
5
5
5
5
6
5
5
5
5
5
7
5
5
5
5
5
5
5
5
5
6
5
5
5
6
5
5
5
5
5
5
5
6
5
6
5
5
5
5
5
5
5
5
5
5
5
5
5
5
5
5
6
5
5
5
5
5