568
539
575
535
539
548
530
532
555
552
565
556
555
565
557
564
536
536
521
548
523
542
507
563
540
530
523
563
560
555
549
577
549
556
575
545
546
575
542
564
538
513
564
557
570
546
557
538
549
536
552
534
549
549
567
550
553
564
549
553
555
544
547
554
547
551
534
554
538
539
550
545
543
547
580
569
535
534
565
554
535
549
568
567
544
578
571
554
556
569
538
544
546
533
547
564
545
546
533
556
509
547
557
567
568
532
524
536
550
537
517
542
568
537
541
540
535
534
533
544
560
513
561
536
523
560
564
543
557
549
554
536
585
548
561
568
537
524
557
545
525
541
536
549
529
551
557
560
515
542
540
527
548
565
517
530
536
568
534
542
547
540
518
560
558
542
550
529
555
524
547
538
524
547
569
564
535
561
514
521
540
546
552
551
531
571
543
515
547
540
557
536
561
558
561
571
518
557
560
555
542
543
556
559
545
569
584
555
531
562
543
537
544
534
521
557
573
561
552
545
580
548
547
574
563
550
564
551
579
566
546
546
547
529
556
547
573
555
538
519
546
565
567
540
577
539
543
558
563
549
559
518
552
518
545
561
560
565
575
561
521
523
529
525
531
574
579
560
554
585
548
551
539
544
550
535
564
563
553
569
537
551
551
552
559
549
536
554
557
543
555
577
576
545
550
530
561
551
546
564
559
570
554
536
522
560
552
559
548
594
507
533
523
529
549
556
529
542
535
551
528
535
552
557
542
549
538
541
541
539
555
550
561
566
571
554
537
555
565
514
549
540
548
562
534
555
578
565
570
522
559
538
533
545
553
539
526
563
562
558
538
561
551
553
507
550
549
567
580
542
544
531
559
536
584
534
542
543
557
534
517
533
558
561
551
564
543
580
539
557
551
539
544
558
554
583
570
557
553
549
565
521
551
598
557
542
559
538
546
554
548
554
575
543
569
564
548
570
576
558
554
553
544
557
551
549
561
554
558
513
544
552
546
540
544
562
508
552
561
541
566
533
541
552
577
546
551
563
545
573
559
567
553
563
556
545
552
534
542
550
559
523
568
533
567
557
535
528
558
576
582
581
561
546
539
584
562
576
570
551
543
533
553
513
533
566
558
552
541
551
573
563
529
567
582
523
496
542
557
565
561
545
542
544
557
534
549
553
536
548
533
545
543
548
554
556
535
537
554
552
536
541
548
573
536
491
540
542
571
529
586
560
556
554
563
544
545
584
555
558
554
538
536
539
546
576
557
540
543
529
538
564
525
511
568
529
559
564
562
558
555
576
561
544
530
557
567
552
564
564
551
574
551
522
578
551
554
533
561
566
518
525
556
542
538
570
543
539
572
540
527
550
548
542
568
535
567
560
555
574
548
563
542
543
564
544
557
540
553
561
541
522
532
558
550
556
562
554
542
554
538
558
579
566
526
558
539
549
575
533
535
571
542
559
545
563
560
560
574
535
570
600
571
540
520
558
570
549
536
508
530
551
537
574
577
540
566
559
574
567
558
545
540
550
565
555
545
565
555
562
550
562
551
554
568
546
542
558
538
552
538
570
508
551
543
572
546
561
519
551
549
543
576
552
554
555
548
555
561
553
533
582
518
570
529
536
534
537
550
566
566
537
535
551
526
554
548
530
558
554
542
525
559
567
546
577
544
547
541
541
531
567
574
553
534
556
561
540
554
547
559
565
533
523
537
536
562
552
548
553
561
499
573
554
564
547
535
537
577
541
551
517
538
529
563
522
573
549
567
547
548
557
541
553
564
552
560
531
562
542
548
530
562
547
541
572
538
552
524
558
551
560
557
561
548
571
571
529
559
561
541
534
537
569
553
575
554
555
571
567
554
541
547
546
551
542
546
527
564
586
552
551
553
562
549
517
560
531
581
579
556
536
555
570
537
531
534
521
539
574
533
541
543
563
517
521
529
517
559
536
569
538
560
567
555
535
547
559
578
580
553
558
521
550
536
551
553
557
545
541
553
543
520
555
565
554
549
553
553
562
568
575
571
545
541
545
539
562
561
513
518
510
542
518
539
535
579
564
560
550
566
538
527
566
573
559
553
563
529
566
569
542
555
572
533
548
539
555
522
556
564
550
544
547
534
557
530
507
536
557
585
563
546
556
536
560
561
545
548
570
537
557
555
531
530
559
545
553
553
571
531
580
530
535
545
559
567
549
547
559
575
553
548
542
552
502
553
544
530
572
546
554
526
529
557
552
563
530
529
532
549
546
539
554
541
534
544
530
564
526
559
555
509
547
548
541
542
558
548
538