553
555
527
526
550
531
562
558
545
535
533
557
550
541
568
531
536
551
544
534
544
551
534
526
571
532
534
557
529
564
550
575
558
537
529
555
536
526
527
539
563
568
553
533
560
571
537
558
544
563
569
570
559
569
568
559
521
544
526
530
535
532
553
539
573
575
550
561
545
564
562
539
534
545
538
551
542
545
546
552
542
540
556
525
537
531
533
554
545
548
537
556
531
552
532
554
554
578
563
547
546
574
576
547
538
566
532
542
565
561
541
507
541
560
546
554
546
525
545
534
561
560
565
554
550
559
540
545
571
531
584
577
571
569
578
531
512
551
555
548
535
565
557
528
519
556
556
528
517
564
543
540
515
551
563
561
538
569
552
527
547
557
530
539
550
552
551
554
562
554
563
558
543
533
543
526
538
547
563
548
542
565
532
576
564
560
556
555
566
569
554
529
533
529
550
540
528
573
552
556
554
515
543
562
522
540
544
530
554
557
564
525
529
554
548
536
550
556
567
557
550
557
540
545
579
565
554
546
534
546
527
535
541
535
553
540
559
549
570
549
554
538
541
568
548
534
555
577
544
551
549
549
544
526
574
542
529
548
562
545
565
546
564
556
550
570
593
543
526
536
543
555
538
567
566
550
578
549
569
511
542
560
523
541
568
553
532
546
557
566
555
542
530
537
551
551
533
567
550
572
532
563
555
574
552
505
557
577
510
552
528
526
534
568
546
564
575
571
552
540
541
539
531
544
543
546
562
532
549
542
551
530
537
538
538
539
587
542
542
551
562
536
532
576
552
542
571
559
552
535
522
552
551
572
522
535
559
520
539
532
561
558
535
538
537
575
543
542
543
548
545
575
558
536
553
552
551
535
544
529
565
549
577
576
544
534
552
553
582
569
572
568
546
536
574
545
569
584
566
573
539
542
544
559
563
547
553
574
545
546
555
552
530
571
537
547
538
534
558
541
555
560
551
543
585
551
552
534
548
552
547
537
558
549
578
552
570
542
562
533
562
533
552
555
537
558
537
565
580
525
558
520
518
558
554
551
563
528
555
544
541
550
553
560
561
539
533
555
550
559
569
550
567
574
533
556
536
542
559
552
534
560
536
538
564
531
529
580
553
538
559
554
535
517
542
546
524
530
547
569
539
535
553
530
543
536
538
551
547
535
542
580
541
535
566
554
574
535
544
523
563
548
572
549
507
576
536
539
573
561
531
559
555
565
547
535
541
518
561
563
559
553
555
529
564
553
525
549
524
548
553
568
549
538
565
518
538
551
541
564
564
521
546
569
540
572
521
555
536
533
536
569
561
548
559
540
575
530
522
542
534
577
559
517
533
557
565
537
534
540
531
549
547
538
542
534
544
528
552
527
521
576
561
551
557
529
552
516
565
533
553
546
534
550
552
534
603
543
553
548
558
572
524
552
542
531
540
544
560
534
549
551
517
516
539
560
531
543
575
549
566
566
554
552
546
553
570
566
577
549
558
579
561
566
555
529
530
543
546
546
531
529
527
556
525
543
545
541
553
560
536
543
554
550
546
578
554
561
546
545
557
555
540
564
554
572
582
553
548
558
532
518
558
534
545
532
550
564
571
540
550
534
582
537
550
551
537
515
564
578
552
574
547
524
573
542
543
557
532
545
526
567
533
537
523
553
537
533
541
550
561
540
571
519
547
551
570
543
528
564
532
548
558
530
553
552
551
532
565
574
510
547
548
549
541
539
557
565
565
555
557
549
538
514
533
554
513
566
523
542
562
560
561
571
532
552
540
557
535
531
561
553
542
557
585
557
583
546
557
551
577
545
558
556
520
546
537
569
550
537
561
563
542
524
530
549
520
539
567
544
518
543
552
523
542
551
569
542
561
539
526
569
542
560
527
558
541
535
564
576
556
557
544
540
531
553
564
573
547
538
547
554
549
533
528
569
550
536
570
563
574
529
556
558
543
566
551
578
555
543
545
540
543
555
556
555
534
575
562
538
557
570
554
564
558
557
529
545
574
566
542
550
552
554
557
554
544
537
561
551
520
534
551
549
541
539
553
567
532
552
547
542
543
582
552
537
532
567
558
579
539
558
575
565
566
578
552
566
559
549
544
595
539
555
560
550
577
537
554
543
587
552
555
549
551
583
550
530
535
560
535
520
545
568
564
552
529
572
552
537
533
552
554
546
550
560
559
567
555
545
551
546
552
572
551
547
560
551
526
558
553
543
544
564
538
584
557
547
566
542
527
539
563
538
542
556
563
556
536
554
548
563
538
577
537
541
555
516
520
553