785
796
796
776
818
801
776
821
766
808
810
808
794
808
779
798
789
806
804
797
797
800
781
798
780
798
810
794
812
812
803
812
793
799
822
815
803
804
799
821
792
809
813
791
811
816
792
787
810
808
794
808
808
801
795
808
785
786
810
792
791
792
799
775
799
810
814
813
776
791
814
823
811
794
796
814
814
791
790
776
800
807
787
799
795
794
814
818
793
809
785
825
799
803
789
800
786
786
801
795
822
783
796
803
812
809
800
806
795
782
782
790
822
814
782
796
789
806
796
809
791
794
759
785
797
794
806
792
805
796
817
805
813
807
796
790
806
803
803
807
812
795
795
796
808
777
810
805
797
801
808
804
796
786
798
818
787
797
781
809
794
811
784
794
811
801
801
790
798
796
801
803
792
805
834
793
806
782
810
817
810
784
778
804
814
788
789
791
790
788
808
798
799
803
797
794
788
802
791
818
787
797
789
795
811
786
813
808
803
817
772
822
800
786
800
801
815
795
808
780
793
807
803
819
788
803
816
788
807
804
788
799
799
786
809
800
796
817
792
810
811
772
826
810
811
800
784
795
820
813
801
787
786
807
809
794
796
785
807
785
759
785
797
801
805
803
821
794
816
834
808
792
820
813
796
776
792
804
812
788
782
800
798
798
790
803
812
807
802
786
796
791
811
799
789
809
790
804
814
814
796
802
806
804
780
795
782
803
815
760
807
808
796
793
781
780
798
785
786
792
814
806
801
812
783
803
807
801
795
804
779
808
789
787
774
825
800
806
790
806
796
782
792
798
819
785
819
817
831
797
788
795
801
810
796
789
789
815
772
797
801
815
818
801
798
812
794
795
790
806
784
789
782
831
793
826
799
828
796
811
814
792
796
769
803
802
795
797
796
808
803
790
802
800
799
822
781
804
782
791
795
808
812
777
782
800
773
809
815
791
802
808
805
824
803
797
800
802
793
775
800
803
812
819
786
820
774
814
802
810
814
788
807
802
804
812
814
793
787
805
796
803
798
787
788
794
837
808
812
792
792
787
801
814
800
801
803
791
818
807
807
791
813
781
784
791
808
779
804
793
790
801
793
786
810
813
800
829
788
783
809
782
779
801
802
775
814
796
779
809
790
804
804
800
812
785
787
817
823
814
802
794
801
820
814
816
781
794
794
810
801
802
791
794
779
785
780
793
792
811
803
798
803
801
792
807
775
830
801
804
809
800
787
809
798
812
789
824
769
789
813
789
809
780
803
770
828
809
803
785
798
788
792
794
800
809
790
808
773
817
793
798
799
801
770
802
804
810
833
793
781
786
805
790
793
768
814
785
805
775
796
800
826
809
798
808
793
800
795
823
812
808
775
782
777
797
809
794
800
796
801
795
786
807
803
818
800
811
788
797
776
796
792
817
780
795
796
800
781
787
800
792
827
790
792
825
800
799
809
794
806
813
770
787
808
798
815
769
784
805
784
817
797
805
794
799
803
796
793
824
790
789
808
817
802
795
810
797
790
796
793
779
804
779
781
825
791
770
809
800
819
782
792
782
786
800
801
826
790
827
784
783
792
805
804
790
801
823
785
822
793
807
812
803
793
814
808
793
810
789
808
813
805
803
794
790
799
813
783
808
811
809
767
812
824
800
790
804
800
785
795
810
803
800
778
798
802
790
778
796
812
789
791
794
818
792
806
796
817
812
789
778
789
810
807
808
788
803
787
803
792
791
793
822
809
806
801
793
828
810
776
806
806
799
793
782
792
828
800
792
807
790
800
791
805
794
794
818
797
791
783
804
775
819
791
800
816
823
785
805
820
794
797
805
816
805
786
806
781
806
775
808
794
805
799
799
816
789
770
795
821
819
778
772
798
814
793
788
792
800
802
788
818
802
810
776
800
813
808
765
776
793
804
809
796
817
796
800
809
817
781
800
791
795
794
805
798
798
790
798
817
806
808
795
798
780
814
788
786
801
807
808
814
810
809
800
789
791
823
786
820
812
804
804
766
811
813
815
814
800
814
828
819
794
810
796
788
806
801
824
796
786
791
810
822
804
789
781
810
789
796
794
813
801
816
809
786
809
782
794
788
794
787
797
798
793
805
806
800
825
792
804
792
807
804
785
812
777
783
806
789
781
793
795
784
807
790
795
789
806
797
808
814
825
811
782
772
802
777
798
793
775
818
787
774
802
768
818
797
790
793
805
811
813
782
771
812
802
800
810
787
815
794
789
804
785
813
792
806
782
808
823
809
794
800
807
814
797
798
787
806
795
802
779
783
807
803
803
812
794