809
802
796
793
805
798
787
802
804
805
799
801
795
776
774
795
835
796
786
786
806
808
778
807
778
803
810
813
797
791
796
798
825
795
781
803
794
808
771
787
810
813
780
793
818
794
800
801
802
814
807
780
815
793
811
790
812
802
813
790
806
793
783
821
824
812
806
807
795
802
785
784
790
815
800
823
799
780
827
791
806
781
804
788
805
794
794
784
790
793
797
787
800
811
804
797
808
789
807
806
794
792
796
809
775
819
793
794
801
808
795
811
796
826
800
781
819
791
813
793
832
802
811
775
831
797
811
813
796
811
788
798
804
804
794
777
807
790
818
808
797
804
813
806
808
791
812
801
790
809
822
805
787
802
819
812
780
805
794
804
805
797
793
788
800
804
803
796
780
799
788
816
771
802
822
804
810
783
802
813
806
793
798
807
812
783
794
808
789
786
811
802
795
820
792
790
808
785
812
802
813
799
800
809
812
813
810
791
807
798
795
808
799
816
782
783
788
794
801
800
780
807
819
811
781
825
804
793
795
798
816
782
810
799
807
808
796
810
823
821
797
806
792
804
800
811
808
810
816
802
799
804
792
801
798
817
801
791
783
779
777
812
800
804
796
794
814
823
803
806
805
787
801
783
777
767
787
784
812
815
787
805
793
799
788
798
791
793
785
782
808
799
814
788
815
815
813
810
797
801
792
821
800
815
823
808
774
795
802
794
805
794
805
808
800
791
794
786
790
796
767
795
795
826
841
762
815
807
796
810
785
782
825
798
801
774
807
810
776
818
809
815
812
795
790
810
814
812
809
787
810
793
780
798
790
794
817
808
812
815
803
799
799
802
787
779
796
818
814
824
784
808
823
787
796
792
789
790
805
797
784
792
788
815
785
818
792
797
799
803
785
811
796
791
811
810
807
814
797
791
784
811
817
803
805
813
792
799
819
795
780
801
786
804
784
787
807
780
807
813
796
793
799
780
801
781
822
779
811
809
801
823
798
777
788
807
788
802
821
803
789
795
808
824
819
809
799
811
799
806
783
808
796
784
808
771
798
818
804
819
787
781
792
798
812
823
799
799
789
785
806
781
794
812
806
804
783
790
812
791
817
783
797
816
783
774
806
786
786
799
805
775
783
811
789
802
799
802
799
797
827
804
793
790
802
785
809
839
765
770
790
782
819
778
802
789
782
798
781
812
784
807
793
777
819
802
806
793
794
792
801
803
784
811
802
796
799
797
774
801
804
789
783
814
812
801
795
801
785
804
799
796
792
815
797
802
803
798
782
785
815
817
779
795
806
801
811
782
793
795
815
788
796
814
807
784
795
792
817
813
786
805
796
809
784
790
809
808
789
799
788
780
788
805
787
787
797
799
801
786
797
809
803
804
812
782
807
787
797
815
825
794
800
797
785
806
802
798
795
794
815
783
784
799
774
782
804
787
808
802
799
783
810
802
809
782
808
814
799
769
799
792
792
796
784
812
803
792
797
813
818
784
821
788
788
798
800
811
792
811
811
796
807
796
796
797
806
819
837
784
796
800
795
806
814
806
814
800
796
790
805
799
782
788
787
784
817
799
809
764
767
789
780
812
787
796
803
812
800
802
796
807
789
825
780
823
796
795
803
804
771
774
795
795
794
801
812
785
805
765
828
790
774
803
814
803
802
802
793
783
794
773
807
795
810
798
778
775
802
798
801
813
799
798
777
804
793
794
816
789
768
808
812
811
802
805
798
791
788
811
797
778
815
773
793
813
808
776
792
794
792
809
799
820
790
812
793
811
787
806
828
795
817
814
799
789
800
816
814
803
809
789
814
806
770
820
800
804
803
821
795
795
822
798
806
807
800
798
794
794
812
801
786
824
817
786
775
795
814
822
800
776
811
825
809
808
806
789
804
802
791
779
814
787
811
807
806
808
796
794
803
829
806
771
806
773
800
801
782
779
813
821
811
802
786
802
802
819
804
777
797
780
802
803
805
808
821
808
811
785
804
797
793
817
811
809
778
786
798
797
818
823
812
799
782
810
805
803
817
804
791
818
802
792
808
806
789
801
780
796
786
785
782
779
815
795
796
792
810
818
780
809
796
796
802
800
790
787
803
808
817
807
792
818
793
797
797
809
813
786
806
796
785
805
780
786
801
810
807
796
806
778
791
807
787
807
814
802
805
816
808
801
790
800
802
791
811
815
785
808
816
818
778
806
822
804
782
798
804
815
797
791
788
795
797
802
823
783
776
813
804
794
805
805
803
798
802
798
789
801
815
794
803
809
809
798
802
803
805
788